ICAO 45.586207097 -73.234244808

#car
route 50 0 0 lib/cars/car.obj
45.586207097 -73.234244808
45.586872173 -73.235195104
pause 10
45.589003698 -73.238223959
45.589234433 -73.238531682
pause 2
45.590186906 -73.239871982
45.590683080 -73.240578208
pause 2
45.591406916 -73.241594769
45.591417611 -73.241597316
45.591439001 -73.241599864
45.591471087 -73.241594769
45.591478217 -73.241587127
45.591496042 -73.241615147
45.591519215 -73.241650808
pause 20
45.591522780 -73.241691564
45.591515650 -73.241711942
45.591501390 -73.241734867
45.591487130 -73.241747603
45.591472869 -73.241755245
45.591456827 -73.241742509
45.590850810 -73.240869202
pause 2
45.589429014 -73.238867256
pause 2
45.588649994 -73.237773562
45.587018116 -73.235491809
pause 2
45.586184395 -73.234288904
pause 2
45.586160612 -73.234250900
45.586134095 -73.234223535

#plane
route 20 0 0 lib/airport/aircraft/GA/Cessna_172.obj
45.586949244 -73.236059384
45.587142883 -73.235749578
45.587156141 -73.235726423
45.587160561 -73.235705373
45.587162034 -73.235680113
45.587154668 -73.235644328
45.587135517 -73.235610648
45.587002110 -73.235416324
45.586979032 -73.235380074
45.586971405 -73.235341579
45.586970739 -73.235309960
45.586972837 -73.235273375
45.587012826 -73.235205942
45.587032183 -73.235178704
pause 300
45.587064749 -73.235139414
45.587077468 -73.235107213
45.587073644 -73.235073870
45.587060386 -73.235044400
45.587033869 -73.235010720
45.587016191 -73.235008615
45.586998513 -73.235021245
45.586982309 -73.235046505
45.586967577 -73.235080185
45.586970523 -73.235126495
45.586980254 -73.235149650
45.586989480 -73.235174799
45.586991869 -73.235198948
45.586986702 -73.235219637
45.586970544 -73.235246665
45.586955479 -73.235284349
45.586952845 -73.235318051
45.586958738 -73.235349626
45.586966104 -73.235372781
45.587140772 -73.235640417
45.587150093 -73.235681665
45.587142611 -73.235719997
45.586929684 -73.236033938
pause 3600
