I
1130 Generated by WorldEditor 2.4.0r1

1    153 0 0 CSB3 St Mathieu-de-Beloeil
1302 gui_label 2D
100 15.24 1 0 0.00 0 1 0 15  45.59266488 -073.24150982   58    0 2 0 0 0 33  45.58782981 -073.23471370   23    0 2 0 0 0
102 H1  45.59029000 -073.23918633 317.76 5.90 6.30 1 0 0 0.00 0
102 H2  45.59182737 -073.24128525  44.68 13.50 12.30 1 0 0 0.00 0
110 1 0.00 315.0000 OffsideTaxi
112  45.58765123 -073.23465372  45.58761326 -073.23460672
112  45.58746989 -073.23478234  45.58743185 -073.23483509
111  45.58746989 -073.23478234
112  45.58746989 -073.23478234  45.58737353 -073.23488447
112  45.58701234 -073.23530803  45.58698081 -073.23534199
112  45.58700121 -073.23541453  45.58701503 -073.23543428
111  45.58700121 -073.23541453
112  45.58700121 -073.23541453  45.58700725 -073.23542316
112  45.58790803 -073.23669426  45.58838535 -073.23736761
111  45.58790803 -073.23669426
112  45.58790803 -073.23669426  45.58793060 -073.23673055
112  45.58798618 -073.23663713  45.58799918 -073.23661635
111  45.58798618 -073.23663713
112  45.58798618 -073.23663713  45.58802672 -073.23670447
112  45.58811003 -073.23653450  45.58815501 -073.23647597
111  45.58811003 -073.23653450
112  45.58811003 -073.23653450  45.58812781 -073.23650578
112  45.58824101 -073.23635251  45.58826537 -073.23632938
111  45.58824101 -073.23635251
112  45.58824101 -073.23635251  45.58826760 -073.23639101
112  45.58858547 -073.23683392  45.58861573 -073.23687436
111  45.58858547 -073.23683392
112  45.58858547 -073.23683392  45.58860895 -073.23687070
112  45.58855188 -073.23695249  45.58852470 -073.23700147
111  45.58855188 -073.23695249
112  45.58855188 -073.23695249  45.58846351 -073.23708029
112  45.58831710 -073.23729072  45.58823778 -073.23741286
111  45.58831710 -073.23729072
112  45.58831710 -073.23729072  45.58832395 -073.23730118
112  45.58840731 -073.23741775  45.58845870 -073.23748943
111  45.58840731 -073.23741775
112  45.58840731 -073.23741775  45.58842317 -073.23743766
112  45.58851300 -073.23729468  45.58854787 -073.23724801
111  45.58851300 -073.23729468
112  45.58851300 -073.23729468  45.58852902 -073.23731700
112  45.58855031 -073.23735032  45.58856502 -073.23737378
111  45.58855031 -073.23735032
112  45.58855031 -073.23735032  45.58854582 -073.23735562
112  45.58847053 -073.23750056  45.58848930 -073.23754071
111  45.58847053 -073.23750056
112  45.58847053 -073.23750056  45.58849137 -073.23753161
112  45.58897839 -073.23820660  45.58919379 -073.23850535
111  45.58897839 -073.23820660
112  45.58897839 -073.23820660  45.58898307 -073.23821313
112  45.58902512 -073.23819313  45.58905316 -073.23814186
111  45.58902512 -073.23819313
112  45.58902512 -073.23819313  45.58904216 -073.23821682
112  45.58908529 -073.23827495  45.58910911 -073.23830608
111  45.58908529 -073.23827495
112  45.58908529 -073.23827495  45.58907410 -073.23829295
112  45.58905941 -073.23833403  45.58907479 -073.23835650
111  45.58905941 -073.23833403
112  45.58905941 -073.23833403  45.58908143 -073.23836933
112  45.58913047 -073.23843278  45.58915290 -073.23846317
111  45.58913047 -073.23843278
112  45.58913047 -073.23843278  45.58918898 -073.23851206
112  45.58924367 -073.23857504  45.58924454 -073.23857612
111  45.58924367 -073.23857504
112  45.58924367 -073.23857504  45.58927184 -073.23860992
112  45.58933555 -073.23857546  45.58934672 -073.23855908
111  45.58938300 -073.23849702
112  45.58943066 -073.23856604  45.58943254 -073.23856872
112  45.58946447 -073.23860093  45.58947573 -073.23859824
111  45.58952269 -073.23852847
111  45.58957152 -073.23860093
111  45.58955273 -073.23866534
111  45.58949827 -073.23873780
112  45.58940061 -073.23861971  45.58938934 -073.23861971
112  45.58936405 -073.23873949  45.58938510 -073.23877229
111  45.59088731 -073.24085979
111  45.59094367 -073.24077961
111  45.59097005 -073.24080844
111  45.59091561 -073.24090773
111  45.59123902 -073.24135916
111  45.59129889 -073.24127899
111  45.59135444 -073.24134951
111  45.59130394 -073.24144494
111  45.59261300 -073.24328904
112  45.59287017 -073.24364040  45.59289731 -073.24366189
112  45.59296223 -073.24367342  45.59299791 -073.24367610
112  45.59308214 -073.24367219  45.59311970 -073.24372587
111  45.59311117 -073.24383319
112  45.59306737 -073.24394822  45.59302009 -073.24398200
111  45.59295524 -073.24393031
112  45.59292359 -073.24389770  45.59290857 -073.24388428
111  45.59290916 -073.24383565
111  45.59217040 -073.24314509
112  45.58901411 -073.23876169  45.58749200 -073.23671795
111  45.58901411 -073.23876169
112  45.58901411 -073.23876169  45.58897867 -073.23870544
112  45.58890430 -073.23860851  45.58886716 -073.23855883
111  45.58890430 -073.23860851
112  45.58890430 -073.23860851  45.58892872 -073.23856747
112  45.58899656 -073.23850493  45.58903353 -073.23847623
111  45.58899656 -073.23850493
112  45.58899656 -073.23850493  45.58904671 -073.23846235
112  45.58901386 -073.23841563  45.58899691 -073.23839307
111  45.58901386 -073.23841563
112  45.58901386 -073.23841563  45.58898364 -073.23837541
112  45.58892338 -073.23829553  45.58889328 -073.23825569
111  45.58892338 -073.23829553
112  45.58892338 -073.23829553  45.58887044 -073.23837628
112  45.58864923 -073.23868489  45.58847201 -073.23892650
111  45.58864923 -073.23868489
112  45.58864923 -073.23868489  45.58862188 -073.23864853
112  45.58859199 -073.23860554  45.58856489 -073.23856926
111  45.58859199 -073.23860554
112  45.58859199 -073.23860554  45.58861846 -073.23856001
112  45.58879438 -073.23830717  45.58885644 -073.23821938
111  45.58879438 -073.23830717
112  45.58879438 -073.23830717  45.58875495 -073.23824614
112  45.58867511 -073.23813242  45.58863381 -073.23807732
111  45.58867511 -073.23813242
112  45.58867511 -073.23813242  45.58869032 -073.23811094
112  45.58871352 -073.23807426  45.58872792 -073.23805594
111  45.58871352 -073.23807426
112  45.58871352 -073.23807426  45.58875121 -073.23801728
112  45.58869338 -073.23800323  45.58867154 -073.23801918
111  45.58869338 -073.23800323
112  45.58869338 -073.23800323  45.58867567 -073.23802129
112  45.58864499 -073.23809177  45.58864015 -073.23813069
111  45.58864499 -073.23809177
112  45.58864499 -073.23809177  45.58861437 -073.23813652
112  45.58858360 -073.23817853  45.58855380 -073.23821913
111  45.58858360 -073.23817853
112  45.58858360 -073.23817853  45.58852981 -073.23810189
112  45.58842857 -073.23796269  45.58837410 -073.23789018
111  45.58842857 -073.23796269
112  45.58842857 -073.23796269  45.58846281 -073.23791777
112  45.58852924 -073.23783149  45.58856582 -073.23778047
111  45.58852924 -073.23783149
112  45.58852924 -073.23783149  45.58855601 -073.23778998
112  45.58852964 -073.23772725  45.58851277 -073.23770491
111  45.58852964 -073.23772725
112  45.58852964 -073.23772725  45.58849957 -073.23768233
112  45.58843540 -073.23759764  45.58840368 -073.23755587
111  45.58843540 -073.23759764
112  45.58843540 -073.23759764  45.58842534 -073.23758439
112  45.58838920 -073.23760028  45.58836868 -073.23763117
111  45.58838920 -073.23760028
112  45.58838920 -073.23760028  45.58837262 -073.23763117
112  45.58839075 -073.23768427  45.58840940 -073.23771965
111  45.58839075 -073.23768427
112  45.58839075 -073.23768427  45.58834988 -073.23774359
112  45.58822912 -073.23792038  45.58819763 -073.23796832
111  45.58822912 -073.23792038
112  45.58822912 -073.23792038  45.58818771 -073.23786582
112  45.58811070 -073.23775297  45.58806988 -073.23769887
111  45.58811070 -073.23775297
112  45.58811070 -073.23775297  45.58814537 -073.23770440
112  45.58829535 -073.23748180  45.58831417 -073.23745607
111  45.58829535 -073.23748180
112  45.58829535 -073.23748180  45.58831266 -073.23750585
112  45.58833940 -073.23750231  45.58835381 -073.23747300
111  45.58833940 -073.23750231
112  45.58833940 -073.23750231  45.58835065 -073.23748182
112  45.58831503 -073.23743087  45.58830209 -073.23741301
111  45.58831503 -073.23743087
112  45.58831503 -073.23743087  45.58829660 -073.23739985
112  45.58827659 -073.23744511  45.58827475 -073.23744267
111  45.58827659 -073.23744511
112  45.58827659 -073.23744511  45.58823795 -073.23750144
112  45.58820645 -073.23753549  45.58817141 -073.23757566
111  45.58820645 -073.23753549
112  45.58820645 -073.23753549  45.58816155 -073.23747599
112  45.58808763 -073.23737077  45.58804339 -073.23731215
111  45.58808763 -073.23737077
112  45.58808763 -073.23737077  45.58810474 -073.23734164
112  45.58814480 -073.23728113  45.58816234 -073.23725466
111  45.58814480 -073.23728113
112  45.58814480 -073.23728113  45.58815143 -073.23726603
112  45.58814991 -073.23723778  45.58814247 -073.23722582
111  45.58814991 -073.23723778
112  45.58814991 -073.23723778  45.58814432 -073.23722790
112  45.58812758 -073.23723653  45.58811857 -073.23724408
111  45.58812758 -073.23723653
112  45.58812758 -073.23723653  45.58810928 -073.23725979
112  45.58805921 -073.23733312  45.58803665 -073.23736492
111  45.58805921 -073.23733312
112  45.58805921 -073.23733312  45.58802504 -073.23728271
112  45.58796038 -073.23718817  45.58792892 -073.23713842
111  45.58796038 -073.23718817
112  45.58796038 -073.23718817  45.58797929 -073.23715987
112  45.58802318 -073.23710564  45.58805700 -073.23705741
111  45.58802318 -073.23710564
112  45.58802318 -073.23710564  45.58804992 -073.23707031
112  45.58802725 -073.23702735  45.58801261 -073.23700802
111  45.58802725 -073.23702735
112  45.58802725 -073.23702735  45.58801573 -073.23701214
112  45.58799276 -073.23698185  45.58798128 -073.23696673
111  45.58799276 -073.23698185
112  45.58799276 -073.23698185  45.58796458 -073.23692811
112  45.58796622 -073.23704851  45.58801003 -073.23711989
111  45.58796622 -073.23704851
112  45.58796622 -073.23704851  45.58791105 -073.23713573
112  45.58777123 -073.23736803  45.58772998 -073.23743565
111  45.58777123 -073.23736803
112  45.58777123 -073.23736803  45.58763919 -073.23719336
112  45.58738866 -073.23685587  45.58726607 -073.23668955
111  45.58738866 -073.23685587
112  45.58738866 -073.23685587  45.58743273 -073.23679760
112  45.58762823 -073.23652493  45.58764934 -073.23649622
111  45.58762823 -073.23652493
112  45.58762823 -073.23652493  45.58764225 -073.23654561
112  45.58768141 -073.23659758  45.58770133 -073.23662403
111  45.58768141 -073.23659758
112  45.58768141 -073.23659758  45.58770052 -073.23661859
112  45.58770019 -073.23656672  45.58769023 -073.23655324
111  45.58770019 -073.23656672
112  45.58770019 -073.23656672  45.58767798 -073.23653930
112  45.58756397 -073.23638001  45.58750897 -073.23630594
111  45.58756397 -073.23638001
112  45.58756397 -073.23638001  45.58754707 -073.23640871
112  45.58753809 -073.23642173  45.58752653 -073.23644331
111  45.58753809 -073.23642173
112  45.58753809 -073.23642173  45.58755635 -073.23645548
112  45.58759042 -073.23651695  45.58762127 -073.23656615
111  45.58759042 -073.23651695
112  45.58759042 -073.23651695  45.58755227 -073.23657402
112  45.58738463 -073.23684452  45.58731640 -073.23695757
111  45.58738463 -073.23684452
112  45.58738463 -073.23684452  45.58731644 -073.23675264
112  45.58719870 -073.23656520  45.58713412 -073.23647686
111  45.58719870 -073.23656520
112  45.58719870 -073.23656520  45.58724949 -073.23648318
112  45.58738472 -073.23628334  45.58742270 -073.23624009
111  45.58738472 -073.23628334
112  45.58738472 -073.23628334  45.58740736 -073.23633631
112  45.58744009 -073.23634809  45.58746236 -073.23635099
111  45.58744009 -073.23634809
112  45.58744009 -073.23634809  45.58746468 -073.23633606
112  45.58748580 -073.23627699  45.58746799 -073.23625263
111  45.58748580 -073.23627699
112  45.58748580 -073.23627699  45.58738919 -073.23614482
112  45.58721588 -073.23589905  45.58712745 -073.23577874
111  45.58721588 -073.23589905
112  45.58721588 -073.23589905  45.58716758 -073.23595968
112  45.58696098 -073.23625137  45.58689859 -073.23634452
111  45.58696098 -073.23625137
112  45.58696098 -073.23625137  45.58693541 -073.23621404
112  45.58679972 -073.23600443  45.58674945 -073.23592484
111  45.58679972 -073.23600443
112  45.58679972 -073.23600443  45.58683958 -073.23594940
112  45.58702049 -073.23568776  45.58700816 -073.23567055
111  45.58702049 -073.23568776
112  45.58702049 -073.23568776  45.58703929 -073.23566726
112  45.58702946 -073.23562090  45.58700686 -073.23558899
111  45.58702946 -073.23562090
112  45.58702946 -073.23562090  45.58662244 -073.23505226
112  45.58635659 -073.23465910  45.58635240 -073.23465303
111  45.58635659 -073.23465910
112  45.58635659 -073.23465910  45.58633629 -073.23462967
112  45.58630133 -073.23463546  45.58628711 -073.23465546
111  45.58624099 -073.23474123
112  45.58624729 -073.23479710  45.58626169 -073.23483310
111  45.58608673 -073.23502478
111  45.58584941 -073.23468812
112  45.58599645 -073.23448408  45.58600513 -073.23448132
112  45.58620455 -073.23455428  45.58621769 -073.23454355
112  45.58622011 -073.23449644  45.58620885 -073.23445619
112  45.58607763 -073.23428594  45.58605830 -073.23425372
112  45.58600382 -073.23428313  45.58597565 -073.23428313
111  45.58600382 -073.23428313
112  45.58600382 -073.23428313  45.58604082 -073.23426243
112  45.58624055 -073.23413623  45.58626943 -073.23412264
111  45.58624055 -073.23413623
112  45.58624055 -073.23413623  45.58622928 -073.23415368
112  45.58621435 -073.23428292  45.58622186 -073.23430439
112  45.58668141 -073.23496976  45.58669746 -073.23499004
112  45.58673112 -073.23494983  45.58675087 -073.23491015
111  45.58681026 -073.23481076
111  45.58669277 -073.23463118
111  45.58660823 -073.23475508
112  45.58647692 -073.23455964  45.58643635 -073.23449625
111  45.58647692 -073.23455964
112  45.58647692 -073.23455964  45.58649796 -073.23452406
112  45.58657716 -073.23441957  45.58658133 -073.23440611
111  45.58657716 -073.23441957
112  45.58657716 -073.23441957  45.58659721 -073.23435492
112  45.58653765 -073.23439889  45.58652428 -073.23441726
111  45.58644912 -073.23452866
111  45.58627441 -073.23426393
111  45.58632001 -073.23423363
111  45.58662181 -073.23406582
111  45.58685009 -073.23436493
111  45.58676827 -073.23448750
112  45.58672854 -073.23456169  45.58673188 -073.23457926
112  45.58676962 -073.23458312  45.58677517 -073.23459026
111  45.58676962 -073.23458312
112  45.58676962 -073.23458312  45.58678560 -073.23460368
112  45.58683505 -073.23457370  45.58684478 -073.23456928
111  45.58683505 -073.23457370
112  45.58683505 -073.23457370  45.58684908 -073.23454695
112  45.58684671 -073.23451148  45.58685596 -073.23449291
111  45.58684671 -073.23451148
112  45.58684671 -073.23451148  45.58686081 -073.23448317
112  45.58690183 -073.23442462  45.58693053 -073.23438718
111  45.58690183 -073.23442462
112  45.58690183 -073.23442462  45.58694935 -073.23436263
112  45.58702251 -073.23428131  45.58708036 -073.23421342
112  45.58721749 -073.23427798  45.58726294 -073.23433997
112  45.58742480 -073.23455330  45.58745731 -073.23460064
112  45.58750194 -073.23457969  45.58755602 -073.23455761
112  45.58769476 -073.23438925  45.58776714 -073.23439277
111  45.58769476 -073.23438925
112  45.58769476 -073.23438925  45.58773996 -073.23438183
112  45.58780871 -073.23449769  45.58781461 -073.23452674
111  45.58780871 -073.23449769
112  45.58780871 -073.23449769  45.58781975 -073.23455202
112  45.58782104 -073.23458385  45.58783501 -073.23462156
111  45.58782104 -073.23458385
112  45.58782104 -073.23458385  45.58782913 -073.23459986
112  45.58787472 -073.23467755  45.58788487 -073.23469764
111  45.58787472 -073.23467755
112  45.58787472 -073.23467755  45.58785827 -073.23470363
113  45.58777737 -073.23481980
112  45.58692928 -073.23519643  45.58690365 -073.23515168
112  45.58686250 -073.23508835  45.58683405 -073.23504504
112  45.58681711 -073.23515507  45.58684788 -073.23520171
114  45.58688381 -073.23525577  45.58691937 -073.23530867
111  45.58827662 -073.23710464
112  45.58824039 -073.23716382  45.58823646 -073.23717250
112  45.58826684 -073.23721617  45.58828577 -073.23724168
112  45.58830103 -073.23723795  45.58831103 -073.23722417
111  45.58830103 -073.23723795
112  45.58830103 -073.23723795  45.58830496 -073.23723234
113  45.58833571 -073.23719236
111  45.58803101 -073.23672439
111  45.58798288 -073.23680374
112  45.58812973 -073.23703034  45.58814788 -073.23705543
111  45.58816737 -073.23703387
113  45.58820748 -073.23696774
112  45.58790265 -073.23685147  45.58788979 -073.23683055
111  45.58790265 -073.23685147
112  45.58790265 -073.23685147  45.58789479 -073.23683973
111  45.58782480 -073.23674483
111  45.58780231 -073.23677952
114  45.58787587 -073.23689076  45.58788979 -073.23691065
110 1 0.00 315.0000 New Taxiway 3
111  45.58789569 -073.23419988
111  45.58784083 -073.23427234
111  45.58779750 -073.23419857
112  45.58783335 -073.23411763  45.58782920 -073.23407153
112  45.58778976 -073.23402941  45.58775888 -073.23398330
111  45.58773781 -073.23396177
112  45.58769842 -073.23390135  45.58769151 -073.23387632
112  45.58769937 -073.23384619  45.58770582 -073.23382182
112  45.58773048 -073.23379220  45.58774016 -073.23378429
112  45.58776383 -073.23377503  45.58777166 -073.23377432
112  45.58780718 -073.23379033  45.58781673 -073.23380010
112  45.58784905 -073.23385175  45.58785878 -073.23387501
112  45.58786928 -073.23392492  45.58787508 -073.23395467
112  45.58788087 -073.23402197  45.58788789 -073.23405695
112  45.58792380 -073.23410306  45.58796529 -073.23416432
113  45.58796760 -073.23416629
110 1 0.00 315.0000 New Taxiway 7
111  45.59271871 -073.24080975
111  45.59273278 -073.24083080
111  45.59276443 -073.24082954
111  45.59280486 -073.24082578
111  45.59284881 -073.24082326
112  45.59286287 -073.24082578  45.59286463 -073.24082703
111  45.59290066 -073.24087099
111  45.59292264 -073.24090491
111  45.59294461 -073.24094887
111  45.59295252 -073.24101419
111  45.59293494 -073.24106192
111  45.59291824 -073.24109081
111  45.59288572 -073.24110965
111  45.59284968 -073.24111216
111  45.59281892 -073.24109583
111  45.59278200 -073.24104308
113  45.59267699 -073.24087537
110 1 0.00 315.0000 New Taxiway 9
111  45.59224955 -073.24078957
111  45.59243114 -073.24053496
111  45.59249286 -073.24062001
113  45.59230991 -073.24087514
110 1 0.00 315.0000 New Taxiway 8
111  45.59077803 -073.23822304
111  45.59060492 -073.23847653
111  45.59053716 -073.23838180
113  45.59071273 -073.23813352
110 1 0.00 315.0000 New Taxiway 7
111  45.59267701 -073.24087615
111  45.58789535 -073.23420005
111  45.58796783 -073.23416724
113  45.59271874 -073.24081040
110 1 0.00 25.0000 New Taxiway 37
111  45.58779355 -073.23625150
111  45.58787277 -073.23614275
111  45.58790021 -073.23618108
113  45.58782082 -073.23629092
110 1 0.00 25.0000 New Taxiway 37
111  45.58790516 -073.23608048
111  45.58798438 -073.23597172
111  45.58801183 -073.23601005
113  45.58793243 -073.23611989
110 1 0.00 25.0000 New Taxiway 37
111  45.58763942 -073.23603088
111  45.58771864 -073.23592212
111  45.58774609 -073.23596045
113  45.58766669 -073.23607029
110 1 0.00 25.0000 New Taxiway 37
111  45.58775138 -073.23585886
111  45.58783060 -073.23575010
111  45.58785804 -073.23578844
113  45.58777865 -073.23589828
110 1 0.00 25.0000 New Taxiway 37
111  45.58748475 -073.23581306
111  45.58756397 -073.23570430
111  45.58759141 -073.23574264
113  45.58751202 -073.23585248
110 1 0.00 25.0000 New Taxiway 37
111  45.58759671 -073.23564104
111  45.58767593 -073.23553229
111  45.58770337 -073.23557062
113  45.58762398 -073.23568046
110 1 0.00 25.0000 New Taxiway 37
111  45.58733286 -073.23560000
111  45.58741208 -073.23549124
111  45.58743952 -073.23552958
113  45.58736012 -073.23563941
110 1 0.00 25.0000 New Taxiway 37
111  45.58744694 -073.23542873
111  45.58752615 -073.23531998
111  45.58755360 -073.23535831
113  45.58747420 -073.23546815
110 1 0.00 25.0000 New Taxiway 37
111  45.58786780 -073.23635355
111  45.58794701 -073.23624479
111  45.58797446 -073.23628313
113  45.58789506 -073.23639296
110 1 0.00 25.0000 New Taxiway 37
111  45.58797768 -073.23618597
111  45.58805690 -073.23607722
111  45.58808434 -073.23611555
113  45.58800495 -073.23622539
110 1 0.00 25.0000 New Taxiway 37
111  45.58771488 -073.23614057
111  45.58779410 -073.23603182
111  45.58782154 -073.23607015
113  45.58774215 -073.23617999
110 1 0.00 25.0000 New Taxiway 37
111  45.58782684 -073.23596856
111  45.58790606 -073.23585980
111  45.58793350 -073.23589813
113  45.58785410 -073.23600797
110 1 0.00 25.0000 New Taxiway 37
111  45.58756416 -073.23592496
111  45.58764338 -073.23581621
111  45.58767082 -073.23585454
113  45.58759143 -073.23596438
110 1 0.00 25.0000 New Taxiway 37
111  45.58767612 -073.23575295
111  45.58775534 -073.23564419
111  45.58778278 -073.23568252
113  45.58770338 -073.23579236
110 1 0.00 25.0000 New Taxiway 37
111  45.58740828 -073.23570753
111  45.58748750 -073.23559877
111  45.58751494 -073.23563711
113  45.58743554 -073.23574695
110 1 0.00 25.0000 New Taxiway 37
111  45.58751816 -073.23553009
111  45.58759738 -073.23542133
111  45.58762483 -073.23545966
113  45.58754543 -073.23556950
110 1 0.00 25.0000 New Taxiway 37
111  45.58717649 -073.23538287
111  45.58725571 -073.23527411
111  45.58728315 -073.23531245
113  45.58720376 -073.23542229
110 1 0.00 25.0000 New Taxiway 37
111  45.58725910 -073.23549727
111  45.58733832 -073.23538852
111  45.58736576 -073.23542685
113  45.58728636 -073.23553669
110 1 0.00 25.0000 New Taxiway 37
111  45.58737191 -073.23532322
111  45.58745113 -073.23521446
111  45.58747858 -073.23525280
113  45.58739918 -073.23536263
110 1 0.00 25.0000 New Taxiway 36
111  45.58727366 -073.23518416
111  45.58729549 -073.23517936
111  45.58736101 -073.23509634
111  45.58739556 -073.23514926
111  45.58733916 -073.23523267
113  45.58733459 -073.23527230
110 1 0.00 315.0000 Foxtrot
111  45.59187865 -073.24100798
111  45.59201654 -073.24082264
111  45.59205245 -073.24087151
112  45.59206613 -073.24087517  45.59207639 -073.24087395
112  45.59208408 -073.24084585  45.59208408 -073.24083241
111  45.59208756 -073.24083078
111  45.59221310 -073.24100713
113  45.59205267 -073.24125305
110 1 0.00 315.0000 New Taxiway 26
111  45.58938300 -073.23849702
112  45.58965182 -073.23809557  45.58966189 -073.23807880
112  45.58964861 -073.23801423  45.58963562 -073.23797556
111  45.58964861 -073.23801423
112  45.58964861 -073.23801423  45.58967472 -073.23804923
112  45.58976493 -073.23817300  45.58978985 -073.23820801
111  45.58976493 -073.23817300
112  45.58976493 -073.23817300  45.58974391 -073.23814374
112  45.58969607 -073.23816198  45.58968378 -073.23817670
111  45.58965505 -073.23821911
111  45.58960270 -073.23830042
113  45.58943097 -073.23856041
110 1 0.00 315.0000 Echo
112  45.58943550 -073.23756774  45.58941084 -073.23753161
111  45.58943550 -073.23756774
112  45.58943550 -073.23756774  45.58945104 -073.23757083
112  45.58946961 -073.23755884  45.58947908 -073.23754471
112  45.58958236 -073.23739173  45.58959032 -073.23738116
112  45.58958838 -073.23732188  45.58957874 -073.23729893
111  45.58958838 -073.23732188
112  45.58958838 -073.23732188  45.58961689 -073.23735923
112  45.58968014 -073.23744988  45.58969941 -073.23747651
111  45.58968014 -073.23744988
112  45.58968014 -073.23744988  45.58966225 -073.23744064
112  45.58964395 -073.23745822  45.58963792 -073.23746695
112  45.58953240 -073.23762613  45.58952854 -073.23763164
112  45.58953155 -073.23770268  45.58953641 -073.23773362
111  45.58953155 -073.23770268
114  45.58953155 -073.23770268  45.58951048 -073.23767417
110 1 0.00 315.0000 New Taxiway 17
111  45.58719404 -073.23506393
111  45.58722111 -073.23510913
111  45.58807139 -073.23630982
111  45.58803182 -073.23636710
111  45.58737352 -073.23544016
111  45.58732920 -073.23537952
111  45.58717155 -073.23515677
113  45.58712553 -073.23513626
110 1 0.00 315.0000 New Taxiway 27
112  45.59124297 -073.24023927  45.59126938 -073.24027689
111  45.59124297 -073.24023927
112  45.59124297 -073.24023927  45.59121889 -073.24021939
112  45.59116737 -073.24025524  45.59115864 -073.24026752
112  45.59086482 -073.24069026  45.59085249 -073.24070896
112  45.59084433 -073.24074412  45.59084671 -073.24076741
111  45.59084433 -073.24074412
112  45.59084433 -073.24074412  45.59082967 -073.24072646
112  45.59077155 -073.24065100  45.59074141 -073.24061163
111  45.59077155 -073.24065100
112  45.59077155 -073.24065100  45.59078352 -073.24065833
112  45.59081682 -073.24063080  45.59082547 -073.24061656
111  45.59083823 -073.24059736
111  45.59083581 -073.24058339
111  45.59095434 -073.24041312
112  45.59097144 -073.24041312  45.59098085 -073.24039968
112  45.59112867 -073.24020007  45.59113686 -073.24018914
112  45.59113426 -073.24008603  45.59112229 -073.24004082
111  45.59113426 -073.24008603
114  45.59113426 -073.24008603  45.59115419 -073.24011143
110 1 0.00 315.0000 Alpha
111  45.58744418 -073.23478631
111  45.58943573 -073.23756774
111  45.58953155 -073.23770268
111  45.59187865 -073.24100798
111  45.59205267 -073.24125305
111  45.59313021 -073.24275823
112  45.59315036 -073.24283795  45.59314707 -073.24287284
112  45.59310604 -073.24310227  45.59310980 -073.24313447
111  45.59311168 -073.24313447
112  45.59316802 -073.24321231  45.59317553 -073.24322573
112  45.59315487 -073.24326867  45.59314924 -073.24328209
111  45.59305580 -073.24341981
111  45.59281338 -073.24306169
111  45.59298021 -073.24306201
111  45.59306473 -073.24297076
112  45.59308914 -073.24289024  45.59309102 -073.24287414
111  45.59307599 -073.24282315
111  45.59226570 -073.24168094
111  45.59180525 -073.24103187
111  45.59124297 -073.24023927
111  45.59113004 -073.24009658
111  45.58976598 -073.23817376
111  45.58964873 -073.23801397
113  45.58738112 -073.23485767
110 1 0.00 315.0000 New Taxiway 28
111  45.59226582 -073.24168083
111  45.59188294 -073.24224007
111  45.59141686 -073.24156805
113  45.59180543 -073.24103162
110 1 0.00 315.0000 New Taxiway 40
111  45.59219663 -073.24260788
111  45.59214247 -073.24254140
112  45.59246999 -073.24207413  45.59247906 -073.24205970
112  45.59247935 -073.24198027  45.59246537 -073.24192574
111  45.59247935 -073.24198027
112  45.59247935 -073.24198027  45.59250812 -073.24202042
112  45.59256700 -073.24210420  45.59258997 -073.24213622
111  45.59256700 -073.24210420
112  45.59256700 -073.24210420  45.59251973 -073.24210622
114  45.59250298 -073.24213920  45.59249382 -073.24215247
110 1 0.00 315.0000 New Taxiway 39
112  45.59068940 -073.23945715  45.59070801 -073.23948238
111  45.59068940 -073.23945715
112  45.59068940 -073.23945715  45.59066579 -073.23945527
112  45.59063156 -073.23948533  45.59061164 -073.23951877
112  45.59053174 -073.23964658  45.59052037 -073.23966457
111  45.59049764 -073.23978716
111  45.59039270 -073.23963158
111  45.59043074 -073.23957348
112  45.59048452 -073.23959972  45.59049633 -073.23960534
112  45.59052256 -073.23959035  45.59053436 -073.23956411
112  45.59061054 -073.23942867  45.59061962 -073.23940406
112  45.59062749 -073.23936730  45.59062924 -073.23934457
111  45.59062749 -073.23936730
114  45.59062749 -073.23936730  45.59063536 -073.23938042
110 1 0.00 315.0000 New Taxiway 68
111  45.59080921 -073.23962657
111  45.59076042 -073.23962925
111  45.59069601 -073.23973828
111  45.59069413 -073.23985446
111  45.59065661 -073.23991612
111  45.59055842 -073.23977134
111  45.59064410 -073.23965070
112  45.59067662 -073.23965874  45.59068663 -073.23964802
112  45.59073228 -073.23957920  45.59073603 -073.23955596
112  45.59073770 -073.23952524  45.59074045 -073.23949613
111  45.59073770 -073.23952524
114  45.59073770 -073.23952524  45.59074667 -073.23953775
110 1 0.00 315.0000 New Taxiway 67
112  45.59097112 -073.23985615  45.59098545 -073.23987795
111  45.59097112 -073.23985615
112  45.59097112 -073.23985615  45.59095559 -073.23984572
112  45.59092061 -073.23986183  45.59090812 -073.23987903
112  45.59085826 -073.23995977  45.59085826 -073.23997353
112  45.59086889 -073.23998705  45.59087618 -073.23999687
111  45.59087934 -073.24000241
111  45.59075276 -073.24019902
111  45.59064406 -073.24004861
111  45.59077271 -073.23984512
112  45.59081949 -073.23990705  45.59083324 -073.23991393
112  45.59084563 -073.23989329  45.59085526 -073.23988149
112  45.59089722 -073.23980186  45.59090380 -073.23978760
112  45.59089906 -073.23975318  45.59089837 -073.23973745
111  45.59089906 -073.23975318
114  45.59089906 -073.23975318  45.59091807 -073.23977949
110 1 0.00 315.0000 New Taxiway 66
111  45.59243087 -073.24191250
111  45.59223726 -073.24222402
111  45.59213732 -073.24207424
113  45.59234564 -073.24179211
110 1 0.00 315.0000 New Taxiway 61
111  45.59177465 -073.24098635
111  45.59174009 -073.24102279
111  45.59170258 -073.24105937
111  45.59171491 -073.24108468
111  45.59157692 -073.24127035
111  45.59147807 -073.24112087
111  45.59133480 -073.24132989
111  45.59129889 -073.24127899
111  45.59141909 -073.24109980
111  45.59133946 -073.24097126
111  45.59146922 -073.24078160
112  45.59149872 -073.24077528  45.59151494 -073.24076053
112  45.59153931 -073.24070397  45.59154226 -073.24067657
112  45.59154140 -073.24065926  45.59154054 -073.24064416
111  45.59154140 -073.24065926
114  45.59154140 -073.24065926  45.59156462 -073.24068943
112  45.59162623 -073.24079577  45.59162248 -073.24079130
112  45.59159809 -073.24080292  45.59158933 -073.24081275
111  45.59155681 -073.24086548
111  45.59163436 -073.24096736
113  45.59167376 -073.24086816
110 1 0.00 315.0000 New Taxiway 60
112  45.59138007 -073.24043189  45.59141081 -073.24047597
111  45.59138007 -073.24043189
112  45.59138007 -073.24043189  45.59135728 -073.24042423
112  45.59132146 -073.24047026  45.59131342 -073.24048176
111  45.59113512 -073.24072889
111  45.59109503 -073.24067098
112  45.59112037 -073.24062927  45.59112305 -073.24061586
111  45.59109758 -073.24044344
111  45.59113914 -073.24039364
112  45.59116461 -073.24050666  45.59118070 -073.24052391
112  45.59121153 -073.24052391  45.59122494 -073.24051050
112  45.59130214 -073.24039629  45.59131360 -073.24037056
112  45.59131967 -073.24034654  45.59132136 -073.24033661
111  45.59131967 -073.24034654
114  45.59131967 -073.24034654  45.59132742 -073.24035747
110 1 0.00 315.0000 New Taxiway 71
112  45.59057383 -073.23929116  45.59059061 -073.23931544
111  45.59057383 -073.23929116
112  45.59057383 -073.23929116  45.59056101 -073.23928724
112  45.59050692 -073.23929976  45.59049314 -073.23931938
112  45.59042862 -073.23943336  45.59042026 -073.23946469
111  45.59043733 -073.23949864
111  45.59034393 -073.23963341
111  45.59025603 -073.23949341
111  45.59033295 -073.23936125
112  45.59036682 -073.23940181  45.59037781 -073.23940443
112  45.59040345 -073.23937826  45.59041810 -073.23936256
112  45.59048860 -073.23924218  45.59050065 -073.23921930
112  45.59049497 -073.23918136  45.59049129 -073.23914032
111  45.59049497 -073.23918136
114  45.59049497 -073.23918136  45.59051150 -073.23920612
110 1 0.00 315.0000 New Taxiway 70
111  45.59043152 -073.23909203
111  45.59038024 -073.23908549
112  45.59029783 -073.23924381  45.59029692 -073.23925951
112  45.59029326 -073.23931839  45.59028501 -073.23932886
111  45.59019711 -073.23944662
111  45.59005885 -073.23925427
112  45.59010647 -073.23913913  45.59011471 -073.23911689
112  45.59013302 -073.23902530  45.59014675 -073.23897558
112  45.59021176 -073.23887352  45.59022458 -073.23884997
112  45.59022261 -073.23879876  45.59021847 -073.23877014
111  45.59022261 -073.23879876
112  45.59022261 -073.23879876  45.59024605 -073.23883419
112  45.59029343 -073.23889734  45.59030528 -073.23891327
111  45.59029343 -073.23889734
112  45.59029343 -073.23889734  45.59027054 -073.23888295
112  45.59022275 -073.23892062  45.59020993 -073.23894156
112  45.59016598 -073.23903838  45.59015860 -073.23907768
112  45.59018155 -073.23916399  45.59021359 -073.23919801
112  45.59025938 -073.23916399  45.59028593 -073.23913259
112  45.59034353 -073.23904742  45.59035614 -073.23902673
112  45.59035802 -073.23898902  45.59035514 -073.23896125
111  45.59035802 -073.23898902
114  45.59035802 -073.23898902  45.59036535 -073.23900211
110 2 0.00 315.0000 New Taxiway 2
111  45.58926294 -073.23866888
111  45.58937550 -073.23882155
111  45.58933647 -073.23887923
111  45.58935661 -073.23891049
111  45.58928722 -073.23901139
113  45.58914640 -073.23882841
110 1 0.00 315.0000 New Taxiway 1
111  45.58862532 -073.23508723
111  45.58870735 -073.23496045
111  45.58860516 -073.23481200
111  45.58894408 -073.23433986
111  45.58922509 -073.23475359
111  45.58887595 -073.23522572
111  45.58876184 -073.23504806
113  45.58867911 -073.23516158
110 1 0.00 315.0000 New Taxiway 38
111  45.58840327 -073.23628019
111  45.58832163 -073.23639945
111  45.58837079 -073.23646381
111  45.58845044 -073.23634623
111  45.58848903 -073.23639769
111  45.58840623 -073.23652308
111  45.58853450 -073.23669211
111  45.58861289 -073.23657108
111  45.58865592 -073.23663105
111  45.58857959 -073.23676217
111  45.58863290 -073.23684241
111  45.58856837 -073.23693634
111  45.58853211 -073.23688366
111  45.58830835 -073.23721067
111  45.58813306 -073.23696475
111  45.58826644 -073.23676328
111  45.58808391 -073.23650639
111  45.58823249 -073.23626925
111  45.58826517 -073.23631288
113  45.58834544 -073.23619859
110 1 0.00 315.0000 New Taxiway 65
112  45.59270227 -073.24229352  45.59271724 -073.24231457
111  45.59270227 -073.24229352
112  45.59270227 -073.24229352  45.59268579 -073.24228960
112  45.59266805 -073.24230309  45.59265654 -073.24231631
112  45.59263360 -073.24236811  45.59263085 -073.24239689
112  45.59262627 -073.24245054  45.59262169 -073.24246232
112  45.59260430 -073.24248587  45.59259514 -073.24249503
111  45.59251823 -073.24261149
111  45.59241842 -073.24246101
111  45.59256126 -073.24228829
112  45.59257683 -073.24229483  45.59259148 -073.24227782
112  45.59261814 -073.24222770  45.59262230 -073.24221120
112  45.59261936 -073.24217722  45.59261681 -073.24215213
111  45.59261936 -073.24217722
114  45.59261936 -073.24217722  45.59262944 -073.24219031
110 1 0.00 315.0000 New Taxiway 64
111  45.59283279 -073.24247916
111  45.59276015 -073.24254945
111  45.59267010 -073.24276140
111  45.59263907 -073.24280250
111  45.59253161 -073.24264353
111  45.59254978 -073.24262190
112  45.59259215 -073.24261649  45.59260123 -073.24260676
112  45.59271701 -073.24247267  45.59272609 -073.24245428
112  45.59275811 -073.24237327  45.59276242 -073.24235083
111  45.59275811 -073.24237327
114  45.59275811 -073.24237327  45.59276531 -073.24238294
110 1 0.00 315.0000 New Taxiway 63
111  45.59294533 -073.24264046
112  45.59291061 -073.24269935  45.59290207 -073.24271212
111  45.59291061 -073.24269935
112  45.59291061 -073.24269935  45.59290478 -073.24269880
112  45.59287591 -073.24274860  45.59287591 -073.24275396
111  45.59287841 -073.24276826
111  45.59290280 -073.24280312
111  45.59279961 -073.24294880
111  45.59268837 -073.24278648
111  45.59278467 -073.24264484
112  45.59283839 -073.24270570  45.59284714 -073.24270570
112  45.59286028 -073.24269230  45.59286528 -073.24267889
111  45.59286778 -073.24266370
113  45.59290968 -073.24258594
110 1 0.00 315.0000 New Taxiway 69
112  45.59016106 -073.23871111  45.59017628 -073.23873275
111  45.59016106 -073.23871111
112  45.59016106 -073.23871111  45.59014630 -073.23870247
112  45.59011231 -073.23870953  45.59008713 -073.23874467
111  45.58997825 -073.23890743
111  45.58999487 -073.23895334
111  45.58982869 -073.23918607
111  45.58972565 -073.23903883
111  45.58988519 -073.23880927
112  45.58991075 -073.23884030  45.58992847 -073.23886246
112  45.58998498 -073.23883238  45.59000485 -073.23881033
112  45.59006667 -073.23870604  45.59007796 -073.23868599
112  45.59009547 -073.23861749  45.59009880 -073.23857316
111  45.59009547 -073.23861749
114  45.59009547 -073.23861749  45.59011689 -073.23864924
130 Airport Boundary 5
111  45.59320439 -073.24491322
111  45.59299159 -073.24481647
111  45.58573694 -073.23446423
111  45.58834861 -073.23283330
111  45.59348490 -073.23992369
111  45.59349458 -073.24191397
113  45.59344621 -073.24297822
120 Linear Feature 46
111  45.59071533 -073.23822433 1
116  45.59080380 -073.23819749  45.59084093 -073.23825128
120 Linear Feature 45
111  45.59071551 -073.23822376 1
116  45.59073513 -073.23810169  45.59069800 -073.23804936
120 Linear Feature 44
111  45.59056986 -073.23843003 1
115  45.59071533 -073.23822433
120 Linear Feature 43
111  45.59245077 -073.24059730 1
116  45.59251813 -073.24058820  45.59254398 -073.24062576
120 Linear Feature 42
111  45.59245087 -073.24059709 1
116  45.59245379 -073.24049850  45.59241860 -073.24044944
120 Linear Feature 41
111  45.59271641 -073.24086478 1
111  45.59284063 -073.24104617 1
112  45.59290948 -073.24104617  45.59293732 -073.24101058 1
111  45.59291974 -073.24096034 1
111  45.59286700 -073.24088288 1
112  45.59278570 -073.24086614  45.59276226 -073.24087974 1
116  45.59271639 -073.24086472  45.59271434 -073.24086182
120 Linear Feature 40
111  45.59221080 -073.24087236 1
115  45.59212657 -073.24075199
120 Linear Feature 39
111  45.58963498 -073.23739656 1
116  45.58972908 -073.23738323  45.58976553 -073.23743411
120 Linear Feature 38
111  45.58963498 -073.23739717 1
116  45.58964346 -073.23726270  45.58960107 -073.23720213
120 Linear Feature 36
111  45.58783720 -073.23420070 1
116  45.58785225 -073.23408091  45.58781587 -073.23402979
120 Linear Feature 34
111  45.58783731 -073.23420062 1
116  45.58792596 -073.23418426  45.58796991 -073.23424183
120 Linear Feature 32
111  45.58741446 -073.23481812 1
116  45.58735726 -073.23480297  45.58733031 -073.23483210
120 Linear Feature 28
111  45.58741471 -073.23481846 1
116  45.58741320 -073.23473838  45.58744695 -073.23469649
120 Linear Feature 23
111  45.58696308 -073.23519293 2
115  45.58700886 -073.23528102
120 Linear Feature 21
111  45.58759125 -073.23453629 1
115  45.58783699 -073.23420067
120 Linear Feature 20
111  45.58738272 -073.23477322 1
115  45.58759101 -073.23453647
120 Linear Feature 18
111  45.58742873 -073.23492266 2
115  45.58749096 -073.23485032
120 Linear Feature 17
111  45.58738287 -073.23477389 1
115  45.59311766 -073.24280829
120 Linear Feature 16
111  45.59271718 -073.24086582 1
115  45.58772911 -073.23390975
120 Linear Feature 15
111  45.59226093 -073.24086979 1
115  45.59245094 -073.24059706
120 Linear Feature 14
111  45.59221065 -073.24087218 1
116  45.59226107 -073.24086974  45.59228344 -073.24083398
120 Linear Feature 12
112  45.59218378 -073.24089292  45.59220560 -073.24086078 1
116  45.59219005 -073.24084279  45.59220111 -073.24085870
120 Linear Feature 11
111  45.59200753 -073.24114117 1
115  45.59218379 -073.24089290
120 Linear Feature 10
111  45.59212650 -073.24075230
115  45.59217333 -073.24081741
120 Linear Feature 9
111  45.59239954 -073.24057737 5
115  45.59245843 -073.24066404
120 Linear Feature 8
111  45.59068119 -073.23817834 5
115  45.59074448 -073.23826751
120 Linear Feature 6
111  45.58746303 -073.23476407 5
115  45.58736810 -073.23462542
120 Linear Feature 5
111  45.58781797 -073.23417310 5
115  45.58786418 -073.23424185
120 Linear Feature 25
112  45.58772946 -073.23390926  45.58771115 -073.23388100 1
116  45.58773239 -073.23383076  45.58774485 -073.23381297
120 Linear Feature 27
111  45.58785545 -073.23395322 1
111  45.58785764 -073.23405893 1
116  45.58787934 -073.23411924  45.58790278 -073.23415169
120 Linear Feature 26
112  45.58785548 -073.23395352  45.58783717 -073.23384676 1
112  45.58779172 -073.23381297  45.58776828 -073.23378681 1
115  45.58773312 -073.23382762
120 Linear Feature 4
112  45.58782595 -073.23470836  45.58774729 -073.23460052 1
115  45.58770986 -073.23454755
120 Linear Feature 2
112  45.58770948 -073.23454563  45.58766590 -073.23447880 1
116  45.58759099 -073.23453650  45.58757186 -073.23455928
120 Linear Feature 25
111  45.59213496 -073.24112421 5
115  45.59196794 -073.24088971
120 Linear Feature 23
112  45.58948139 -073.23762853  45.58947278 -073.23764247 1
112  45.58943650 -073.23765051  45.58942614 -073.23763768 1
115  45.58942208 -073.23763019
120 Linear Feature 22
111  45.58963501 -073.23739688 1
112  45.58948139 -073.23762853  45.58947278 -073.23764247 1
112  45.58946846 -073.23769555  45.58947852 -073.23770916 1
115  45.58948950 -073.23772589
120 Linear Feature 21
111  45.58953210 -073.23762410 5
115  45.58947611 -073.23754962
120 Linear Feature 34
111  45.58963072 -073.23796142 1
115  45.58967022 -073.23790632
120 Linear Feature 33
111  45.59002600 -073.23853716 1
115  45.59007357 -073.23847249
120 Linear Feature 32
111  45.59075839 -073.23955292 1
115  45.59079977 -073.23949110
120 Linear Feature 31
111  45.59103543 -073.23994730 1
115  45.59107681 -073.23988279
120 Linear Feature 30
111  45.59180190 -073.24102463 1
115  45.59184649 -073.24096318
120 Linear Feature 29
111  45.59225253 -073.24166207 1
115  45.59229640 -073.24159687
120 Linear Feature 49
112  45.58976546 -073.23811080  45.58974921 -073.23808638 1
116  45.58969552 -073.23810189  45.58967327 -073.23813411
120 Linear Feature 48
111  45.58969552 -073.23810189 2
115  45.58932099 -073.23865364
120 Linear Feature 48
111  45.59117618 -073.24019030 2
115  45.59079709 -073.24073308
120 Linear Feature 47
111  45.58965269 -073.23821367 1
115  45.58961196 -073.23815971
120 Linear Feature 47
111  45.59101181 -073.24047174 1
115  45.59097108 -073.24041778
120 Linear Feature 46
112  45.59124501 -073.24018471  45.59122497 -073.24015727 1
116  45.59117618 -073.24019030  45.59115362 -073.24022327
120 Linear Feature 45
112  45.58969552 -073.23810189  45.58971079 -073.23808104 1
116  45.58969404 -073.23801196  45.58966664 -073.23797493
120 Linear Feature 45
112  45.59117618 -073.24019030  45.59119145 -073.24016945 1
116  45.59117955 -073.24009300  45.59115216 -073.24005596
120 Linear Feature 44
111  45.59276061 -073.24226141 1
115  45.59271887 -073.24231764
120 Linear Feature 43
111  45.59239499 -073.24230114 1
115  45.59235500 -073.24224201
120 Linear Feature 42
112  45.59251104 -073.24207253  45.59253106 -073.24204709 1
116  45.59250903 -073.24195639  45.59247287 -073.24190472
120 Linear Feature 41
111  45.59211481 -073.24266149 2
115  45.59251104 -073.24207253
120 Linear Feature 3
111  45.59043937 -073.23912069 2
115  45.59048799 -073.23905124
120 Linear Feature 16
111  45.58616581 -073.23428897 20
115  45.58618643 -073.23426019
120 Linear Feature 15
111  45.58686722 -073.23524679 20
115  45.58689843 -073.23519737
120 Linear Feature 14
111  45.58699964 -073.23550027 20
115  45.58702740 -073.23545984
120 Linear Feature 13
111  45.58926473 -073.23853267 20
115  45.58923576 -073.23857431
120 Linear Feature 12
111  45.58940597 -073.23886151 20
115  45.58942528 -073.23883292
120 Linear Feature 11
111  45.59071064 -073.24057958 20
115  45.59068636 -073.24061402
120 Linear Feature 10
111  45.59082859 -073.24086042 20
115  45.59084722 -073.24083380
120 Linear Feature 9
111  45.59212789 -073.24272122 20
115  45.59215596 -073.24267942
120 Linear Feature 8
111  45.59205626 -073.24247837 20
115  45.59202975 -073.24251776
120 Linear Feature 7
111  45.59215596 -073.24267942 22
115  45.59286953 -073.24366753
120 Linear Feature 6
111  45.59084722 -073.24083380 22
115  45.59202947 -073.24251831
120 Linear Feature 5
111  45.58942528 -073.23883292 22
115  45.59068636 -073.24061402
120 Linear Feature 4
111  45.58702740 -073.23545984 22
115  45.58923576 -073.23857431
120 Linear Feature 2
111  45.58738447 -073.23477608 1
111  45.58738250 -073.23477353 1
115  45.58698581 -073.23523613
120 Linear Feature 1
112  45.58770934 -073.23454623  45.58766576 -073.23447636 1
116  45.58770659 -073.23437918  45.58772785 -073.23435032
1300  45.58694308 -073.23509019 -45.00 misc props GAKW
1301 A none 
1300  45.58703273 -073.23496209 -42.71 misc props GNEA
1301 A none 
1300  45.58677959 -073.23465765   0.00 misc props FOJL
1301 A none 
1300  45.58690003 -073.23489321  45.00 misc props GITN
1301 A none 
1300  45.59197053 -073.24093949   0.00 misc jets|turboprops|props NorthHoldShort
1301 C none 
1300  45.59309019 -073.24328718  83.16 misc turboprops|props North GA
1301 C none 
1300  45.58742767 -073.23528499 -137.22 misc props South GA
1301 B none 
19  45.59301789 -073.24120073 0 New Windsock 2
19  45.58796136 -073.23594730 0 New Windsock 1
1051 122700 ATF
99
